1
121
142
181
301
322
2
3
4
5
6
7
13
16
17
18
19
20
21
22
23
48
49
138
152
153
154
156
157
158
159
160
163
182
183
184
185
186
187
193
196
197
198
199
200
201
202
203
228
229
318
332
333
334
336
337
338
339
340
343
8
9
36
39
40
41
42
47
51
52
53
54
55
56
100
101
102
115
168
188
189
216
219
220
221
222
227
231
232
233
234
235
236
280
281
282
284
295
348
10
37
38
43
44
45
57
58
59
60
78
84
86
99
105
106
108
109
113
114
147
148
167
169
178
179
180
190
191
205
217
218
223
224
225
237
239
240
258
262
264
266
279
285
286
288
289
293
294
327
328
347
349
358
359
360
11
46
50
95
96
116
117
127
136
137
143
146
226
230
275
276
296
297
307
316
317
323
326
12
25
26
28
74
75
79
81
123
125
128
129
139
172
192
206
255
259
303
305
309
319
352
14
15
29
63
73
77
80
82
83
85
89
91
92
97
98
111
133
144
145
149
170
171
194
195
209
238
242
243
253
254
257
260
261
263
265
269
271
272
273
277
278
291
313
324
325
329
342
350
351
357
24
103
104
107
124
173
174
175
204
283
287
304
353
354
355
30
31
32
33
34
35
61
62
64
65
66
67
68
69
70
71
72
76
87
88
90
93
94
118
119
120
126
130
131
132
134
150
151
155
161
162
164
165
176
177
210
211
212
213
214
215
241
244
245
246
247
248
249
250
251
252
256
267
268
270
274
298
299
300
306
308
310
311
312
314
330
331
335
341
344
345
356
27
140
141
207
208
320
321
122
135
302
315
110
112
166
290
292
346
