1
121
142
181
301
322
361
362
363
364
365
366
367
368
369
370
371
372
373
374
375
376
377
378
379
380
381
382
383
384
385
386
387
388
389
390
391
392
393
394
395
396
397
398
399
400
401
402
403
404
405
406
407
408
409
410
411
412
413
414
415
416
417
418
419
420
421
422
423
2
3
4
5
6
7
13
16
17
18
19
20
21
22
23
48
49
138
152
153
154
156
157
158
159
160
163
182
183
184
185
186
187
193
196
197
198
199
200
201
202
203
228
229
318
332
333
334
336
337
338
339
340
343
424
425
426
427
428
429
430
431
432
433
434
435
436
437
438
439
440
441
442
443
444
445
446
447
448
449
450
451
452
8
9
36
39
40
41
42
47
51
52
53
54
55
56
100
101
102
115
168
188
189
216
219
220
221
222
227
231
232
233
234
235
236
280
281
282
284
295
348
453
454
455
456
457
458
459
460
461
462
463
464
465
466
467
468
469
470
471
472
473
474
475
476
477
478
479
480
10
37
38
43
44
45
57
58
59
60
78
84
86
99
105
106
108
109
113
114
147
148
167
169
178
179
180
190
191
205
217
218
223
224
225
237
239
240
258
262
264
266
279
285
286
288
289
293
294
327
328
347
349
358
359
360
481
482
483
484
485
486
487
488
489
490
491
492
493
494
495
496
497
498
499
500
501
502
503
504
505
506
507
508
509
510
511
512
513
514
515
516
517
518
519
11
46
50
95
96
116
117
127
136
137
143
146
226
230
275
276
296
297
307
316
317
323
326
520
521
522
523
524
525
526
527
528
529
530
531
532
533
534
535
536
537
538
539
540
541
542
543
12
25
26
28
74
75
79
81
123
125
128
129
139
172
192
206
255
259
303
305
309
319
352
544
545
546
547
548
549
550
551
552
553
554
555
556
557
14
15
29
63
73
77
80
82
83
85
89
91
92
97
98
111
133
144
145
149
170
171
194
195
209
238
242
243
253
254
257
260
261
263
265
269
271
272
273
277
278
291
313
324
325
329
342
350
351
357
558
559
560
561
562
563
564
565
566
567
568
569
570
571
572
573
574
575
576
577
578
579
580
581
582
583
584
585
586
587
588
589
590
591
592
593
594
595
596
597
598
599
600
601
602
603
604
605
24
103
104
107
124
173
174
175
204
283
287
304
353
354
355
606
607
608
609
610
611
612
613
614
615
616
617
618
619
620
621
622
623
624
625
626
627
628
629
630
631
632
633
634
635
636
30
31
32
33
34
35
61
62
64
65
66
67
68
69
70
71
72
76
87
88
90
93
94
118
119
120
126
130
131
132
134
150
151
155
161
162
164
165
176
177
210
211
212
213
214
215
241
244
245
246
247
248
249
250
251
252
256
267
268
270
274
298
299
300
306
308
310
311
312
314
330
331
335
341
344
345
356
637
638
639
640
641
642
643
644
645
646
647
648
649
650
651
652
653
654
655
656
657
658
659
660
661
662
663
664
665
666
667
668
27
140
141
207
208
320
321
669
670
671
672
673
674
675
676
677
678
679
680
681
682
683
684
685
686
687
688
689
690
691
692
693
694
695
696
697
122
135
302
315
698
699
700
701
110
112
166
290
292
346
702
703
704
705
706
707
708
709
710
711
712
713
714
715
716
717
718